net 2s 150 db 
2022-06-30 18:58:55.808756
0 | 78.64209747314453 | 2842.77685546875 | 184.6429386138916 | 193.2500877380371 | 381.125 | 355.75 | 0.001298431889154017 | 0.0006890576474687264
1 | 78.18120574951172 | 2812.02294921875 | 194.96421909332275 | 198.35988235473633 | 395.75 | 385.5 | 0.004748411010950804 | 0.00018594235253127368
2 | 77.76205444335938 | 3039.601806640625 | 223.9841251373291 | 233.39894485473633 | 423.0 | 420.25 | 0.04845704510807991 | 0.0009779754323328191
3 | 78.0606918334961 | 2829.32763671875 | 222.28773307800293 | 236.80029678344727 | 423.0625 | 422.25 | 0.0010074846213683486 | 0.000814503363531613
4 | 78.46662902832031 | 2823.008544921875 | 225.12638759613037 | 240.71390533447266 | 426.875 | 432.25 | 0.0010540041839703918 | 0.00055
5 | 77.6354751586914 | 2795.687744140625 | 227.2599105834961 | 239.0658073425293 | 428.9375 | 432.5 | 0.002896055579185486 | 0.00028549663646838715
6 | 76.85894012451172 | 2774.69140625 | 227.96200466156006 | 240.25074005126953 | 427.625 | 429.25 | 0.006958086974918842 | 0.00012202456766718092
7 | 76.61290740966797 | 2916.384521484375 | 232.55659580230713 | 241.52202224731445 | 431.1875 | 428.0 | 0.04078685864806175 | 0.000994459753267812
8 | 77.06023406982422 | 2793.439453125 | 229.7748384475708 | 238.95069122314453 | 434.375 | 432.0 | 0.002396210329607129 | 0.0009509529358847655
9 | 77.26826477050781 | 2786.82763671875 | 231.47650337219238 | 238.31549072265625 | 434.1875 | 432.0 | 0.002735962625592947 | 0.0008681980515339464
10 | 76.28893280029297 | 2756.94189453125 | 233.86349201202393 | 244.45689392089844 | 436.8125 | 432.25 | 0.012834854423999786 | 0.000754295724882796
11 | 76.05501556396484 | 2765.297119140625 | 235.39142227172852 | 244.99648666381836 | 437.375 | 433.5 | 0.01956816017627716 | 0.000620395509268104
12 | 76.04033660888672 | 2756.398193359375 | 235.21234798431396 | 244.71582412719727 | 437.375 | 433.0 | 0.012878937646746635 | 0.0004796044907318962
13 | 75.962646484375 | 2758.511962890625 | 237.30376720428467 | 245.24119567871094 | 436.9375 | 432.5 | 0.01723720319569111 | 0.00034570427511720393
14 | 75.86614990234375 | 2756.361328125 | 236.4216766357422 | 249.11565780639648 | 435.75 | 434.5 | 0.017338654026389122 | 0.00023180194846605365
15 | 75.87724304199219 | 2757.0205078125 | 236.6661958694458 | 247.948974609375 | 436.5625 | 438.75 | 0.01610756851732731 | 0.0001490470641152345
16 | 75.94559478759766 | 2755.750244140625 | 236.95138549804688 | 247.52311325073242 | 436.1875 | 432.0 | 0.016179654747247696 | 0.00010554024673218806
17 | 75.86921691894531 | 2758.090576171875 | 237.4326524734497 | 247.62491607666016 | 435.625 | 437.5 | 0.018022805452346802 | 0.0009986128001799076
18 | 75.81847381591797 | 2753.033935546875 | 235.64892578125 | 248.96031188964844 | 435.75 | 437.0 | 0.01564658433198929 | 0.0009875664641789544
19 | 75.78926849365234 | 2754.765869140625 | 234.04078769683838 | 250.35535430908203 | 435.75 | 435.5 | 0.0175666194409132 | 0.000965745789630079
20 | 75.82250213623047 | 2752.023193359375 | 234.23376846313477 | 248.7628936767578 | 436.5 | 436.75 | 0.016813769936561584 | 0.0009336880739593415
21 | 75.77389526367188 | 2751.77587890625 | 235.2490110397339 | 246.23527145385742 | 435.125 | 436.5 | 0.016977814957499504 | 0.000892182684520014
22 | 75.72831726074219 | 2750.8984375 | 234.23964595794678 | 246.89879608154297 | 435.5 | 437.0 | 0.017311351373791695 | 0.0008422516217485828
23 | 75.74543762207031 | 2750.907958984375 | 235.93161296844482 | 250.61477279663086 | 435.9375 | 439.5 | 0.017281504347920418 | 0.000785124354122177
24 | 75.68242645263672 | 2750.001953125 | 235.24652576446533 | 248.98430252075195 | 436.0625 | 436.25 | 0.01749793440103531 | 0.0007222075445642905
25 | 75.68148040771484 | 2749.353515625 | 234.4864683151245 | 251.62864685058594 | 436.0625 | 439.0 | 0.01758166030049324 | 0.0006550504137351575
26 | 75.61490631103516 | 2748.037841796875 | 234.73904037475586 | 247.34633255004883 | 435.4375 | 436.75 | 0.017553413286805153 | 0.0005853065930775303
27 | 75.61553192138672 | 2747.625732421875 | 236.1185817718506 | 247.22337341308594 | 434.875 | 438.5 | 0.017637968063354492 | 0.0005146934069224699
28 | 75.66200256347656 | 2747.568359375 | 235.2331953048706 | 250.42748641967773 | 436.6875 | 438.0 | 0.01784161850810051 | 0.0004449495862648426
29 | 75.62369537353516 | 2746.7587890625 | 234.0139455795288 | 249.45769119262695 | 436.6875 | 437.5 | 0.017625275999307632 | 0.0003777924554357096
30 | 75.61024475097656 | 2746.634765625 | 234.62521934509277 | 249.35776901245117 | 436.0625 | 439.5 | 0.018004463985562325 | 0.00031487564587782306
31 | 75.57752990722656 | 2747.217041015625 | 234.96653842926025 | 248.63130950927734 | 437.5 | 437.75 | 0.017817629501223564 | 0.0002577483782514174
32 | 75.56068420410156 | 2746.134765625 | 233.97902297973633 | 250.9461898803711 | 436.6875 | 437.5 | 0.01789069175720215 | 0.00020781731547998608
33 | 75.58374786376953 | 2745.971923828125 | 234.0145845413208 | 248.84247589111328 | 436.9375 | 437.75 | 0.017996566370129585 | 0.00016631192604065853
34 | 75.5644302368164 | 2745.87548828125 | 236.48928260803223 | 248.07408905029297 | 436.0 | 438.0 | 0.01802019216120243 | 0.00013425421036992097
35 | 75.5862045288086 | 2745.168212890625 | 233.50280952453613 | 249.49261093139648 | 436.0 | 440.25 | 0.017950788140296936 | 0.00011243353582104556
36 | 75.6145248413086 | 2745.2822265625 | 236.30367279052734 | 248.54055404663086 | 436.375 | 439.75 | 0.0179581455886364 | 0.00010138719982009242
37 | 75.57457733154297 | 2744.924560546875 | 236.73413848876953 | 249.41195678710938 | 436.625 | 437.25 | 0.017760852351784706 | 0.0009996530663083252
38 | 75.53657531738281 | 2743.904296875 | 234.78456783294678 | 248.9016571044922 | 436.1875 | 438.5 | 0.01755359023809433 | 0.000996880805629717
39 | 75.48595428466797 | 2743.634521484375 | 235.2818202972412 | 251.05295944213867 | 436.75 | 438.25 | 0.017550796270370483 | 0.0009913533761814538
40 | 75.4521713256836 | 2741.42236328125 | 236.2614622116089 | 250.41271591186523 | 437.0 | 438.0 | 0.01754830777645111 | 0.0009831048564041412
41 | 75.42943572998047 | 2741.339111328125 | 236.47524166107178 | 250.25009536743164 | 436.75 | 436.75 | 0.0175350122153759 | 0.0009721861011651179
42 | 75.42286682128906 | 2740.89990234375 | 236.2942295074463 | 249.5994415283203 | 436.875 | 438.25 | 0.01757366955280304 | 0.0009586644282212867
43 | 75.42329406738281 | 2739.794921875 | 236.20776462554932 | 250.16355895996094 | 436.8125 | 438.25 | 0.017416784539818764 | 0.0009426232031827588
44 | 75.39983367919922 | 2738.411865234375 | 235.79732418060303 | 250.2232208251953 | 436.5625 | 438.25 | 0.017306845635175705 | 0.0009241613255361454
45 | 75.35052490234375 | 2737.96044921875 | 235.83999633789062 | 249.29256057739258 | 437.75 | 438.25 | 0.017121033743023872 | 0.0009033926188963352
46 | 75.35917663574219 | 2737.37646484375 | 235.97806549072266 | 249.04501724243164 | 437.125 | 440.25 | 0.01692916452884674 | 0.0008804451292460585
47 | 75.33023071289062 | 2737.00048828125 | 236.1325330734253 | 251.63235473632812 | 437.25 | 438.5 | 0.016949234530329704 | 0.0008554603354898239
48 | 75.35152435302734 | 2735.528076171875 | 236.13381576538086 | 250.08822631835938 | 436.75 | 438.5 | 0.017011843621730804 | 0.0008285922771894253
49 | 75.35088348388672 | 2735.743408203125 | 235.67574310302734 | 249.93645095825195 | 437.0625 | 438.0 | 0.017161421477794647 | 0.000800006604858821
50 | 75.30650329589844 | 2735.795654296875 | 236.60014533996582 | 248.87197494506836 | 438.6875 | 438.0 | 0.01764100231230259 | 0.0007698795586736298
51 | 75.2822265625 | 2736.24853515625 | 236.35008907318115 | 249.5226173400879 | 437.75 | 438.25 | 0.018149884417653084 | 0.0007383968818918426
52 | 75.33629608154297 | 2735.22607421875 | 236.07447147369385 | 248.20984268188477 | 436.5 | 437.75 | 0.018454421311616898 | 0.0007057526756848719
53 | 75.27864837646484 | 2735.095703125 | 236.13524341583252 | 249.22545623779297 | 436.6875 | 437.75 | 0.01863683946430683 | 0.0006721482024392835
54 | 75.27422332763672 | 2734.9736328125 | 236.751371383667 | 249.41001510620117 | 436.875 | 438.5 | 0.01874333620071411 | 0.0006377906449072579
55 | 75.2399673461914 | 2734.193115234375 | 236.09618759155273 | 248.34818649291992 | 436.9375 | 440.75 | 0.018603574484586716 | 0.000602891828856027
56 | 75.2496566772461 | 2734.10302734375 | 236.39293575286865 | 249.20809936523438 | 436.5 | 438.25 | 0.018692174926400185 | 0.0005676669170915809
57 | 75.24503326416016 | 2734.022705078125 | 236.60470581054688 | 248.78615951538086 | 436.6875 | 441.0 | 0.018860863521695137 | 0.0005323330829084192
58 | 75.2135238647461 | 2733.66259765625 | 236.5397720336914 | 249.3977279663086 | 436.4375 | 437.75 | 0.018879296258091927 | 0.0004971081711439731
59 | 75.21815490722656 | 2733.443603515625 | 236.62580585479736 | 248.91235733032227 | 436.9375 | 438.0 | 0.018863508477807045 | 0.0004622093550927423
60 | 75.2221908569336 | 2733.108642578125 | 236.234787940979 | 249.7256317138672 | 437.4375 | 438.5 | 0.018903741613030434 | 0.0004278517975607165
61 | 75.2115707397461 | 2732.569091796875 | 235.41709899902344 | 248.20984268188477 | 438.0625 | 438.25 | 0.018936047330498695 | 0.00039424732431512827
62 | 75.21987915039062 | 2732.72314453125 | 236.52310180664062 | 249.66728973388672 | 437.6875 | 437.75 | 0.01891395077109337 | 0.0003616031181081575
63 | 75.18096160888672 | 2732.97314453125 | 236.4946928024292 | 248.60241317749023 | 437.625 | 437.75 | 0.018955979496240616 | 0.00033012044132637024
64 | 75.21971893310547 | 2732.5283203125 | 236.53382205963135 | 248.74591827392578 | 437.4375 | 437.75 | 0.018938705325126648 | 0.00029999339514117897
65 | 75.16771697998047 | 2732.567138671875 | 236.9382266998291 | 249.42871475219727 | 437.3125 | 437.75 | 0.01895740255713463 | 0.00027140772281057483
66 | 75.21411895751953 | 2732.272216796875 | 235.3370876312256 | 248.8540153503418 | 437.0 | 438.0 | 0.018970763310790062 | 0.0002445396645101763
67 | 75.17805480957031 | 2732.9462890625 | 235.41738605499268 | 248.74591827392578 | 436.8125 | 438.5 | 0.019007155671715736 | 0.00021955487075394145
68 | 75.1966552734375 | 2732.6611328125 | 236.3158302307129 | 248.20220565795898 | 437.375 | 438.5 | 0.01896730065345764 | 0.00019660738110366472
69 | 75.1637954711914 | 2732.298828125 | 236.76253128051758 | 248.60241317749023 | 438.0 | 437.5 | 0.01901460811495781 | 0.00017583867446385474
70 | 75.20589447021484 | 2732.57275390625 | 235.40041828155518 | 248.01155853271484 | 436.75 | 437.75 | 0.019010065123438835 | 0.00015737679681724137
71 | 75.14691162109375 | 2731.962646484375 | 236.10281085968018 | 249.3977279663086 | 438.3125 | 438.75 | 0.018995797261595726 | 0.00014133557177871338
72 | 75.16764068603516 | 2732.33251953125 | 236.63760662078857 | 248.74591827392578 | 437.25 | 437.75 | 0.019027387723326683 | 0.00012781389883488212
73 | 75.17227172851562 | 2731.784912109375 | 236.24215030670166 | 249.3977279663086 | 437.3125 | 438.5 | 0.019015515223145485 | 0.00011689514359585878
74 | 75.15394592285156 | 2731.13427734375 | 236.90742778778076 | 248.74591827392578 | 437.75 | 438.25 | 0.0190336424857378 | 0.00010864662381854631
75 | 75.15117645263672 | 2731.779541015625 | 236.1908836364746 | 249.3977279663086 | 437.625 | 437.75 | 0.019008953124284744 | 0.00010311919437028317
76 | 75.19896697998047 | 2731.923095703125 | 236.02338695526123 | 248.74591827392578 | 437.6875 | 437.75 | 0.019021769985556602 | 0.0001003469336916747
77 | 75.1774673461914 | 2731.113525390625 | 236.11259269714355 | 248.74591827392578 | 437.875 | 437.75 | 0.018945587798953056 | 0.0009999132582169292
78 | 75.16344451904297 | 2731.684326171875 | 236.36598873138428 | 249.0154800415039 | 437.875 | 437.75 | 0.01924564503133297 | 0.0009992195245831221
79 | 75.1364974975586 | 2730.7626953125 | 236.0920124053955 | 248.74591827392578 | 437.5 | 437.75 | 0.019172504544258118 | 0.0009978331270024887
80 | 75.13248443603516 | 2730.51953125 | 236.71456718444824 | 249.24542999267578 | 437.5625 | 437.75 | 0.01907019503414631 | 0.0009957562031996097
81 | 75.11945343017578 | 2730.37841796875 | 236.29378414154053 | 248.10290145874023 | 437.3125 | 437.75 | 0.01925215683877468 | 0.0009929919556404512
82 | 75.1327133178711 | 2730.082763671875 | 236.49354648590088 | 249.0154800415039 | 437.875 | 438.0 | 0.01908325031399727 | 0.0009895446465943926
83 | 75.12700653076172 | 2729.436767578125 | 236.43365573883057 | 249.0733184814453 | 438.125 | 437.75 | 0.0190597977489233 | 0.000985419591562117
84 | 75.1106948852539 | 2730.361328125 | 236.0443630218506 | 248.74591827392578 | 437.625 | 437.75 | 0.019197972491383553 | 0.0009806231510794939
85 | 75.1197738647461 | 2728.818359375 | 236.1947660446167 | 247.59884643554688 | 437.375 | 438.5 | 0.019074032083153725 | 0.0009751627209100952
86 | 75.09807586669922 | 2728.903564453125 | 236.46074199676514 | 248.74591827392578 | 437.625 | 438.5 | 0.0190725140273571 | 0.0009690467206414615
87 | 75.09842681884766 | 2728.703125 | 235.63380527496338 | 248.74591827392578 | 437.4375 | 437.75 | 0.019088825210928917 | 0.0009622845807027113
88 | 75.10482025146484 | 2728.966796875 | 235.5937967300415 | 249.3977279663086 | 439.125 | 437.75 | 0.0190791804343462 | 0.0009548867278234997
89 | 75.09095764160156 | 2728.39990234375 | 235.5159511566162 | 248.74591827392578 | 438.125 | 437.75 | 0.01913568563759327 | 0.0009468645689567597
90 | 75.10002899169922 | 2728.212890625 | 236.35243225097656 | 248.74591827392578 | 437.5 | 437.75 | 0.01906008832156658 | 0.0009382304736900063
91 | 75.08712005615234 | 2727.71728515625 | 235.85939407348633 | 248.74591827392578 | 438.0625 | 437.25 | 0.01912030018866062 | 0.000928997755172329
92 | 75.0771484375 | 2727.56787109375 | 236.35303020477295 | 248.74591827392578 | 436.75 | 437.75 | 0.018890850245952606 | 0.0009191806495864811
93 | 75.0796890258789 | 2727.76416015625 | 236.60095405578613 | 247.59884643554688 | 437.5625 | 437.75 | 0.018856480717658997 | 0.0009087942941977183
94 | 75.08021545410156 | 2727.5986328125 | 236.51457595825195 | 248.35009765625 | 437.9375 | 437.75 | 0.01897796057164669 | 0.0008978547040132316
95 | 75.0838851928711 | 2727.28369140625 | 236.51963233947754 | 248.74591827392578 | 438.125 | 437.75 | 0.018901314586400986 | 0.0008863787470881686
96 | 75.07962799072266 | 2727.262939453125 | 235.79913520812988 | 247.59884643554688 | 437.75 | 437.75 | 0.018849464133381844 | 0.0008743841185163135
97 | 75.06359100341797 | 2727.30419921875 | 236.20111274719238 | 248.74591827392578 | 437.4375 | 437.75 | 0.018836602568626404 | 0.0008618893131455362
98 | 75.08467864990234 | 2726.88232421875 | 236.11354732513428 | 248.74591827392578 | 438.0 | 437.75 | 0.018795689567923546 | 0.0008489135970600768
99 | 75.05500793457031 | 2726.596435546875 | 236.10780239105225 | 248.74591827392578 | 437.4375 | 437.75 | 0.01860169507563114 | 0.0008354769778736405
Runtime : 0:02:26.971155

net 2s 150 infector
2022-06-30 19:02:23.006406
0 | 4.323434352874756 | 624.2647094726562 | 203.57623291015625 | 244.57603454589844 | 134.8125 | 125.25 | 0.0016116625629365444 | 0.0006890576474687264
1 | 4.203930377960205 | 591.9591674804688 | 203.40700435638428 | 244.90114212036133 | 135.625 | 137.5 | 0.0038918289355933666 | 0.00018594235253127368
2 | 3.4549272060394287 | 369.5571594238281 | 202.56380462646484 | 243.40364837646484 | 152.5 | 144.75 | 0.03725052997469902 | 0.0009779754323328191
3 | 3.3941879272460938 | 512.331787109375 | 203.2672233581543 | 244.40042114257812 | 133.625 | 146.0 | 0.01035447046160698 | 0.000814503363531613
4 | 3.438612461090088 | 378.5462341308594 | 202.59869766235352 | 243.7216567993164 | 143.3125 | 136.0 | 0.028263425454497337 | 0.00055
5 | 4.546350955963135 | 370.709228515625 | 202.56141090393066 | 243.85614395141602 | 140.375 | 139.75 | 0.030244464054703712 | 0.00028549663646838715
6 | 3.661710023880005 | 387.80426025390625 | 202.43107414245605 | 243.6712188720703 | 139.1875 | 134.25 | 0.025670090690255165 | 0.00012202456766718092
7 | 3.7019431591033936 | 380.7997131347656 | 202.44402885437012 | 243.64669036865234 | 139.3125 | 139.75 | 0.02678186260163784 | 0.000994459753267812
8 | 3.446707248687744 | 426.28173828125 | 203.034499168396 | 243.94894409179688 | 140.1875 | 148.5 | 0.01924639567732811 | 0.0009509529358847655
9 | 4.111644268035889 | 371.2718505859375 | 203.64624309539795 | 244.71377182006836 | 146.625 | 133.75 | 0.028324764221906662 | 0.0008681980515339464
10 | 3.3834896087646484 | 402.9720764160156 | 203.78674221038818 | 245.45757675170898 | 142.75 | 131.0 | 0.022136718034744263 | 0.000754295724882796
11 | 3.900848865509033 | 368.9169006347656 | 204.54498863220215 | 245.2125473022461 | 140.6875 | 135.0 | 0.02821427769958973 | 0.000620395509268104
12 | 3.4479801654815674 | 385.87872314453125 | 204.14433670043945 | 245.56050491333008 | 135.75 | 136.5 | 0.02457853965461254 | 0.0004796044907318962
13 | 3.674560546875 | 366.07012939453125 | 204.13137340545654 | 245.5798568725586 | 139.1875 | 146.5 | 0.02850957028567791 | 0.00034570427511720393
14 | 3.5729241371154785 | 371.155517578125 | 204.0832395553589 | 244.72508239746094 | 139.3125 | 140.5 | 0.02716211788356304 | 0.00023180194846605365
15 | 3.5016849040985107 | 369.86810302734375 | 203.62876224517822 | 245.37145233154297 | 141.5625 | 136.25 | 0.027402495965361595 | 0.0001490470641152345
16 | 3.5499649047851562 | 366.9347229003906 | 203.49016761779785 | 245.47384643554688 | 135.875 | 138.75 | 0.028087971732020378 | 0.00010554024673218806
17 | 3.3765149116516113 | 388.75787353515625 | 203.3918695449829 | 245.26776885986328 | 136.375 | 158.5 | 0.023715484887361526 | 0.0009986128001799076
18 | 3.2015140056610107 | 438.5027160644531 | 202.71130275726318 | 243.29940795898438 | 137.0625 | 136.5 | 0.0169850904494524 | 0.0009875664641789544
19 | 3.7582790851593018 | 386.49072265625 | 203.3553638458252 | 243.36980819702148 | 141.125 | 147.5 | 0.023660585284233093 | 0.000965745789630079
20 | 3.3729465007781982 | 390.1756286621094 | 202.1841516494751 | 243.46991348266602 | 142.1875 | 136.25 | 0.02288202941417694 | 0.0009336880739593415
21 | 3.35343599319458 | 394.6412658691406 | 202.30264568328857 | 242.2113494873047 | 140.25 | 149.5 | 0.022087274119257927 | 0.000892182684520014
22 | 3.488858461380005 | 377.193115234375 | 202.1759157180786 | 241.9603042602539 | 144.125 | 148.5 | 0.024621807038784027 | 0.0008422516217485828
23 | 3.322374105453491 | 379.6760559082031 | 201.7921018600464 | 242.65362930297852 | 138.25 | 139.5 | 0.02406354248523712 | 0.000785124354122177
24 | 3.393113851547241 | 372.457275390625 | 201.8672800064087 | 242.59147262573242 | 145.3125 | 145.0 | 0.02522966079413891 | 0.0007222075445642905
25 | 3.334386110305786 | 370.6137390136719 | 201.62814235687256 | 242.1551055908203 | 147.625 | 139.0 | 0.025460973381996155 | 0.0006550504137351575
26 | 3.340754747390747 | 366.4648742675781 | 202.34605503082275 | 241.81330108642578 | 143.5625 | 147.0 | 0.02610675059258938 | 0.0005853065930775303
27 | 3.301316022872925 | 364.19769287109375 | 201.41198444366455 | 240.6324005126953 | 142.1875 | 151.75 | 0.026384010910987854 | 0.0005146934069224699
28 | 3.3050098419189453 | 361.95855712890625 | 201.83359336853027 | 241.0326156616211 | 148.5 | 133.25 | 0.02683456987142563 | 0.0004449495862648426
29 | 3.278212308883667 | 360.1905212402344 | 201.78793811798096 | 240.06260681152344 | 147.1875 | 145.5 | 0.027041001245379448 | 0.0003777924554357096
30 | 3.270803213119507 | 358.7999267578125 | 201.54627895355225 | 241.48659896850586 | 141.8125 | 132.0 | 0.027377722784876823 | 0.00031487564587782306
31 | 3.2616734504699707 | 357.56463623046875 | 200.98964977264404 | 241.43191528320312 | 141.5 | 139.5 | 0.027539756149053574 | 0.0002577483782514174
32 | 3.259157180786133 | 356.8701171875 | 201.70806407928467 | 241.3090591430664 | 140.375 | 135.5 | 0.027723098173737526 | 0.00020781731547998608
33 | 3.253070831298828 | 356.0138854980469 | 201.26620769500732 | 240.47786331176758 | 148.6875 | 144.25 | 0.027865039184689522 | 0.00016631192604065853
34 | 3.2407639026641846 | 355.56103515625 | 201.28556156158447 | 240.28320693969727 | 138.6875 | 148.25 | 0.027940483763813972 | 0.00013425421036992097
35 | 3.236315965652466 | 355.1690368652344 | 201.83436679840088 | 241.02206420898438 | 143.9375 | 149.0 | 0.028023486956954002 | 0.00011243353582104556
36 | 3.2321507930755615 | 354.7366027832031 | 201.9429235458374 | 240.1294174194336 | 145.375 | 141.5 | 0.02803277224302292 | 0.00010138719982009242
37 | 3.075427770614624 | 376.4519958496094 | 201.23563480377197 | 239.7763671875 | 133.4375 | 147.5 | 0.023798741400241852 | 0.0009996530663083252
38 | 2.8888118267059326 | 436.9461364746094 | 199.7664499282837 | 239.19667053222656 | 138.25 | 140.0 | 0.016154104843735695 | 0.000996880805629717
39 | 3.414870500564575 | 390.20306396484375 | 200.2446928024292 | 240.56839752197266 | 136.1875 | 136.75 | 0.02159566804766655 | 0.0009913533761814538
40 | 3.216527223587036 | 376.4716491699219 | 200.3269395828247 | 240.14280700683594 | 155.0 | 148.5 | 0.023519553244113922 | 0.0009831048564041412
41 | 3.0404531955718994 | 389.6380920410156 | 200.65656852722168 | 237.99216842651367 | 132.3125 | 139.5 | 0.02143002301454544 | 0.0009721861011651179
42 | 3.1924245357513428 | 378.10186767578125 | 200.61651611328125 | 240.2885627746582 | 146.25 | 141.75 | 0.02296658605337143 | 0.0009586644282212867
43 | 3.1357738971710205 | 373.12939453125 | 199.8248815536499 | 240.96782302856445 | 145.0 | 149.25 | 0.023637982085347176 | 0.0009426232031827588
44 | 3.0844645500183105 | 374.5256042480469 | 200.11035823822021 | 237.8393898010254 | 134.1875 | 140.5 | 0.02337954379618168 | 0.0009241613255361454
45 | 3.1167547702789307 | 369.0933837890625 | 199.44131660461426 | 239.7875633239746 | 139.8125 | 132.25 | 0.024171296507120132 | 0.0009033926188963352
46 | 3.0808565616607666 | 367.7643737792969 | 200.23954582214355 | 236.86196517944336 | 137.5 | 143.0 | 0.024288959801197052 | 0.0008804451292460585
47 | 3.088343381881714 | 365.9145812988281 | 199.37836837768555 | 238.41927337646484 | 141.0 | 129.25 | 0.024587364867329597 | 0.0008554603354898239
48 | 3.0790486335754395 | 363.4132385253906 | 200.01756191253662 | 239.57650756835938 | 146.5625 | 146.75 | 0.02493128925561905 | 0.0008285922771894253
49 | 3.065735101699829 | 362.0932312011719 | 199.71472835540771 | 238.83364868164062 | 142.5 | 148.75 | 0.0251041017472744 | 0.000800006604858821
50 | 3.0641396045684814 | 360.0472412109375 | 198.76016330718994 | 238.11724853515625 | 145.4375 | 152.75 | 0.025394968688488007 | 0.0007698795586736298
51 | 3.0399553775787354 | 358.7327880859375 | 199.56036281585693 | 238.80709838867188 | 147.875 | 132.5 | 0.025572994723916054 | 0.0007383968818918426
52 | 3.0478312969207764 | 356.98529052734375 | 198.6420078277588 | 236.36117935180664 | 144.0 | 145.75 | 0.02580505795776844 | 0.0007057526756848719
53 | 3.0368094444274902 | 355.7153015136719 | 199.00368404388428 | 237.81371688842773 | 143.625 | 143.5 | 0.02602318860590458 | 0.0006721482024392835
54 | 3.0289762020111084 | 355.0792541503906 | 198.7412576675415 | 238.98685836791992 | 146.625 | 157.5 | 0.026167981326580048 | 0.0006377906449072579
55 | 3.0262341499328613 | 353.44879150390625 | 199.5303554534912 | 239.60661697387695 | 151.4375 | 148.75 | 0.02638440579175949 | 0.000602891828856027
56 | 3.0171260833740234 | 352.7558288574219 | 197.67656230926514 | 239.3702850341797 | 150.125 | 143.0 | 0.026502735912799835 | 0.0005676669170915809
57 | 3.015486717224121 | 351.89178466796875 | 198.0915231704712 | 235.5039520263672 | 147.375 | 142.25 | 0.026720285415649414 | 0.0005323330829084192
58 | 3.0084519386291504 | 351.10736083984375 | 198.99493885040283 | 235.60382461547852 | 144.9375 | 137.25 | 0.026802686974406242 | 0.0004971081711439731
59 | 3.0044057369232178 | 350.0009765625 | 198.89634609222412 | 236.1326446533203 | 139.8125 | 133.5 | 0.026974312961101532 | 0.0004622093550927423
Runtime : 0:01:14.643773

net 2s 150 inf2vec
2022-06-30 19:29:27.620394
0 | 541.6446533203125 | 17182.32421875 | 23.278995633125305 | 27.45957612991333 | 268.125 | 338.5 | 0.08230206370353699 | 0.0006890576474687264
1 | 162.13226318359375 | 6863.18359375 | 23.222795009613037 | 27.412267684936523 | 270.625 | 368.25 | 0.03369806706905365 | 0.00018594235253127368
2 | 90.23735809326172 | 3223.6845703125 | 23.219878375530243 | 27.26649522781372 | 269.375 | 311.25 | 0.01605462282896042 | 0.0009779754323328191
3 | 31.150787353515625 | 1350.9464111328125 | 23.240286588668823 | 27.14422869682312 | 310.75 | 334.5 | 0.006030063610523939 | 0.000814503363531613
4 | 18.695743560791016 | 940.4275512695312 | 23.209518909454346 | 27.37008285522461 | 306.75 | 305.5 | 0.003833111608400941 | 0.00055
5 | 16.2419490814209 | 816.4547729492188 | 23.19600135087967 | 27.36319589614868 | 289.1875 | 350.5 | 0.0031059335451573133 | 0.00028549663646838715
6 | 14.7118501663208 | 773.4022216796875 | 23.1960529088974 | 27.376699447631836 | 283.0 | 332.0 | 0.0029256646521389484 | 0.00012202456766718092
7 | 13.857904434204102 | 716.4442138671875 | 23.182697653770447 | 27.298891067504883 | 295.875 | 318.0 | 0.0025622991379350424 | 0.000994459753267812
8 | 11.885560989379883 | 625.299072265625 | 23.282061338424683 | 27.227213382720947 | 290.6875 | 358.75 | 0.0021791381295770407 | 0.0009509529358847655
9 | 10.493927001953125 | 573.165283203125 | 23.226857125759125 | 27.18549871444702 | 292.375 | 344.25 | 0.001884597702883184 | 0.0008681980515339464
10 | 10.024881362915039 | 536.9825439453125 | 23.277436792850494 | 27.22968292236328 | 270.0 | 336.25 | 0.0016395201673731208 | 0.000754295724882796
11 | 9.378800392150879 | 513.0489501953125 | 23.232800602912903 | 27.17650866508484 | 298.5625 | 334.25 | 0.0014964079018682241 | 0.000620395509268104
12 | 8.810249328613281 | 492.82623291015625 | 23.16403365135193 | 27.339951992034912 | 282.3125 | 312.5 | 0.0013295015087351203 | 0.0004796044907318962
13 | 8.83786392211914 | 476.7982482910156 | 23.134283125400543 | 27.517313480377197 | 271.625 | 344.25 | 0.0011586921755224466 | 0.00034570427511720393
14 | 8.534493446350098 | 469.5660705566406 | 23.240416884422302 | 27.476304054260254 | 300.5 | 377.25 | 0.0011926261940971017 | 0.00023180194846605365
15 | 8.311504364013672 | 467.2773742675781 | 23.173360526561737 | 27.471707105636597 | 286.375 | 349.0 | 0.001265321858227253 | 0.0001490470641152345
16 | 8.350611686706543 | 461.1710510253906 | 23.172615885734558 | 27.18798542022705 | 295.8125 | 316.25 | 0.0011550670024007559 | 0.00010554024673218806
17 | 7.899439334869385 | 456.6280517578125 | 23.14997273683548 | 27.351088285446167 | 287.1875 | 306.0 | 0.0010359996231272817 | 0.0009986128001799076
18 | 7.753061771392822 | 425.52239990234375 | 23.186502516269684 | 27.298828840255737 | 285.25 | 345.5 | 0.0010328622302040458 | 0.0009875664641789544
19 | 7.1698455810546875 | 413.15972900390625 | 23.164566457271576 | 27.297728538513184 | 292.125 | 311.75 | 0.0008955469238571823 | 0.000965745789630079
20 | 6.93853235244751 | 395.2766418457031 | 23.12679624557495 | 27.276304483413696 | 286.4375 | 337.5 | 0.00080999726196751 | 0.0009336880739593415
21 | 6.606171607971191 | 385.8175048828125 | 23.205060243606567 | 27.28235912322998 | 284.8125 | 314.25 | 0.0006464555626735091 | 0.000892182684520014
22 | 6.595379829406738 | 379.6775207519531 | 23.128510892391205 | 27.273538827896118 | 288.6875 | 352.5 | 0.0005991494981572032 | 0.0008422516217485828
23 | 6.096320152282715 | 363.877685546875 | 23.12847989797592 | 27.1608943939209 | 279.5625 | 280.5 | 0.0006241706432774663 | 0.000785124354122177
24 | 6.234973907470703 | 362.2161560058594 | 23.25462806224823 | 27.418247938156128 | 287.3125 | 296.25 | 0.0005906957667320967 | 0.0007222075445642905
25 | 6.064065456390381 | 358.73553466796875 | 23.27114301919937 | 27.54674768447876 | 271.875 | 302.25 | 0.0005465737194754183 | 0.0006550504137351575
26 | 6.010887145996094 | 349.94012451171875 | 23.18446272611618 | 27.300119400024414 | 292.0 | 361.75 | 0.0005221238825470209 | 0.0005853065930775303
27 | 6.007073879241943 | 352.03466796875 | 23.192950010299683 | 27.307565212249756 | 318.1875 | 281.25 | 0.00047640365664847195 | 0.0005146934069224699
28 | 5.910246849060059 | 344.323974609375 | 23.306705832481384 | 27.14245104789734 | 318.25 | 335.75 | 0.00047067063860595226 | 0.0004449495862648426
29 | 5.7459025382995605 | 345.7233581542969 | 23.245519518852234 | 27.34166383743286 | 292.0 | 266.75 | 0.00046595983440056443 | 0.0003777924554357096
30 | 5.796769618988037 | 342.9973449707031 | 23.224785923957825 | 27.36988663673401 | 281.125 | 293.75 | 0.00044544966658577323 | 0.00031487564587782306
31 | 5.98034143447876 | 346.12493896484375 | 23.205270290374756 | 27.50911021232605 | 297.125 | 299.25 | 0.0004148513835389167 | 0.0002577483782514174
32 | 5.597886562347412 | 341.37969970703125 | 23.23024469614029 | 27.333682537078857 | 286.5 | 258.5 | 0.0004308782808948308 | 0.00020781731547998608
33 | 5.598208427429199 | 337.15838623046875 | 23.113457560539246 | 27.098768711090088 | 281.4375 | 344.75 | 0.00046792530338279903 | 0.00016631192604065853
34 | 5.700629711151123 | 339.37542724609375 | 23.156758248806 | 27.42435336112976 | 291.5625 | 256.5 | 0.0004042329965159297 | 0.00013425421036992097
35 | 5.570110321044922 | 337.2850646972656 | 23.20191663503647 | 27.111741542816162 | 299.375 | 344.0 | 0.00042727423715405166 | 0.00011243353582104556
36 | 5.655728816986084 | 342.65411376953125 | 23.148498356342316 | 27.45473885536194 | 293.3125 | 282.0 | 0.00042302190558984876 | 0.00010138719982009242
37 | 5.511658668518066 | 334.4753723144531 | 23.27186667919159 | 27.043169021606445 | 319.625 | 278.0 | 0.00043475563870742917 | 0.0009996530663083252
38 | 5.484001159667969 | 333.29913330078125 | 23.19353300333023 | 27.093526601791382 | 300.625 | 349.25 | 0.0003593540459405631 | 0.000996880805629717
39 | 5.221817970275879 | 323.3283996582031 | 23.269845128059387 | 27.2992684841156 | 309.25 | 319.5 | 0.00033417416852898896 | 0.0009913533761814538
40 | 5.232280731201172 | 320.0328063964844 | 23.251603722572327 | 27.276800632476807 | 305.4375 | 344.5 | 0.0003543617494869977 | 0.0009831048564041412
41 | 5.23292350769043 | 318.3396301269531 | 23.26919037103653 | 27.3741455078125 | 295.0 | 315.5 | 0.000315473327646032 | 0.0009721861011651179
42 | 5.194163799285889 | 313.9718933105469 | 23.161823570728302 | 27.224875926971436 | 296.1875 | 268.0 | 0.00032291151001118124 | 0.0009586644282212867
43 | 5.2778167724609375 | 311.57171630859375 | 23.244004487991333 | 27.1459641456604 | 280.0625 | 230.25 | 0.0003059233713429421 | 0.0009426232031827588
44 | 5.105466365814209 | 314.21014404296875 | 23.144724667072296 | 27.16158628463745 | 282.3125 | 309.75 | 0.00025579548673704267 | 0.0009241613255361454
45 | 5.009926795959473 | 306.68072509765625 | 23.15940421819687 | 27.31654667854309 | 295.5625 | 345.5 | 0.00020563554426189512 | 0.0009033926188963352
46 | 4.982128143310547 | 311.60015869140625 | 23.225399672985077 | 27.458767652511597 | 290.0 | 305.0 | 0.00025189874577336013 | 0.0008804451292460585
47 | 4.928770065307617 | 306.23388671875 | 23.147068679332733 | 27.07101058959961 | 301.375 | 348.5 | 0.0002275124134030193 | 0.0008554603354898239
48 | 5.081063270568848 | 300.30621337890625 | 23.285365402698517 | 27.557615995407104 | 310.5 | 347.75 | 0.00024634276633150876 | 0.0008285922771894253
49 | 5.019536018371582 | 299.2496643066406 | 23.31631851196289 | 27.357319831848145 | 285.875 | 303.5 | 0.0002121464494848624 | 0.000800006604858821
50 | 4.816267013549805 | 299.8627624511719 | 23.110284626483917 | 27.358807802200317 | 307.625 | 321.0 | 0.00018312233441974968 | 0.0007698795586736298
51 | 4.917778015136719 | 296.65374755859375 | 23.13789027929306 | 27.335490703582764 | 292.3125 | 313.5 | 0.0001819921308197081 | 0.0007383968818918426
52 | 4.967087745666504 | 299.12408447265625 | 23.140608966350555 | 27.643832683563232 | 299.5 | 283.0 | 0.00020858306379523128 | 0.0007057526756848719
53 | 4.867123126983643 | 303.0514831542969 | 23.067289233207703 | 27.290513515472412 | 269.1875 | 312.0 | 0.00018310103041585535 | 0.0006721482024392835
54 | 4.765029430389404 | 298.92340087890625 | 23.13875824213028 | 27.345659494400024 | 312.6875 | 354.75 | 0.00018657576583791524 | 0.0006377906449072579
55 | 4.838961601257324 | 295.7763977050781 | 23.227657318115234 | 27.19450855255127 | 281.0625 | 300.5 | 0.0001846568047767505 | 0.000602891828856027
56 | 4.768739223480225 | 294.0498352050781 | 23.24241417646408 | 27.507308959960938 | 304.0 | 279.0 | 0.0001622165582375601 | 0.0005676669170915809
57 | 4.757176876068115 | 292.60955810546875 | 23.09731137752533 | 27.32106351852417 | 278.3125 | 282.5 | 0.00015340551908593625 | 0.0005323330829084192
58 | 4.815690994262695 | 293.3261413574219 | 23.183713018894196 | 27.32790231704712 | 317.8125 | 315.25 | 0.00017755126464180648 | 0.0004971081711439731
59 | 4.748391628265381 | 293.5759582519531 | 23.224695324897766 | 27.53212571144104 | 283.4375 | 312.5 | 0.0001604504359420389 | 0.0004622093550927423
Runtime : 0:01:15.520384
 
2022-07-04 14:20:54.954022
0 | 558.3309936523438 | 3284.25634765625 | 169.19538974761963 | 182.03674697875977 | 358.3125 | 313.25 | 0.0031070150434970856 | 0.000814503363531613
1 | 531.9581298828125 | 3585.552734375 | 168.2239465713501 | 170.3755645751953 | 367.3125 | 352.0 | 0.004820062778890133 | 0.000994459753267812
2 | 534.4669799804688 | 3526.361328125 | 174.4335322380066 | 167.09463119506836 | 355.0 | 355.25 | 0.004318630322813988 | 0.000620395509268104
Runtime : 0:00:07.564285
 
2022-07-04 14:21:35.797735
0 | 526.2546997070312 | 3563.02734375 | 101.54281234741211 | 99.00825119018555 | 156.25 | 144.0 | 0.005691579543054104 | 0.000814503363531613
1 | 522.883056640625 | 3412.341552734375 | 108.55637645721436 | 107.00187110900879 | 148.125 | 150.25 | 0.0047011421993374825 | 0.000994459753267812
2 | 526.44775390625 | 3594.125 | 106.38956117630005 | 99.36149978637695 | 161.9375 | 138.5 | 0.005925300996750593 | 0.000620395509268104
Runtime : 0:00:07.569285
 
2022-07-04 14:22:12.495585
0 | 570.0655517578125 | 3691.622802734375 | 142.59511613845825 | 153.97842407226562 | 267.75 | 269.5 | 0.005760035943239927 | 0.000814503363531613
1 | 530.7979736328125 | 3362.817626953125 | 140.10088109970093 | 144.57237243652344 | 260.4375 | 273.5 | 0.00366768054664135 | 0.000994459753267812
2 | 517.5610961914062 | 3623.001708984375 | 137.4877405166626 | 142.44049835205078 | 257.6875 | 293.25 | 0.005043786484748125 | 0.000620395509268104
Runtime : 0:00:07.353837
 
2022-07-04 17:46:22.954050
0 | 697.2194213867188 | 4172.587890625 | 122.55971097946167 | 121.04076194763184 | 215.375 | 214.0 | 0.009623521007597446 | 0.000814503363531613
1 | 530.2112426757812 | 3230.58984375 | 124.00509071350098 | 118.48833847045898 | 228.125 | 165.25 | 0.0036365254782140255 | 0.000994459753267812
2 | 536.4263916015625 | 3535.3193359375 | 123.89837503433228 | 115.19072723388672 | 212.125 | 213.75 | 0.005524755921214819 | 0.000620395509268104
Runtime : 0:00:07.344720
 
2022-07-04 17:55:58.038653
0 | 696.765380859375 | 4058.587158203125 | 121.49591302871704 | 119.57501220703125 | 204.6875 | 197.25 | 0.010655137710273266 | 0.000814503363531613
1 | 532.4781494140625 | 3172.517822265625 | 123.04997396469116 | 121.55986595153809 | 229.625 | 218.5 | 0.004128332249820232 | 0.000994459753267812
2 | 537.3942260742188 | 3454.990478515625 | 125.8109302520752 | 118.04357147216797 | 222.5625 | 185.25 | 0.006252862513065338 | 0.000620395509268104
Runtime : 0:00:07.330835
 
2022-07-04 17:56:58.795193
0 | 1524.3568115234375 | 8235.50390625 | 140.66798734664917 | 124.23126220703125 | 321.75 | 276.0 | 0.03689804673194885 | 0.000814503363531613
Runtime : 0:00:02.425712
 
2022-07-04 18:02:25.693791
0 | 1518.1817626953125 | 8168.9306640625 | 137.9854006767273 | 140.41069793701172 | 309.375 | 316.0 | 0.03678227588534355 | 0.000814503363531613
Runtime : 0:00:02.426044
 
2022-07-04 18:04:48.527242
0 | 1530.1627197265625 | 8545.6552734375 | 138.7377643585205 | 144.60510635375977 | 313.0 | 340.0 | 0.03717886283993721 | 0.000814503363531613
Runtime : 0:00:02.426887
 
2022-07-04 18:06:00.457956
0 | 1596.1746826171875 | 8272.0634765625 | 139.59002685546875 | 133.23901176452637 | 304.6875 | 327.25 | 0.036997947841882706 | 0.000814503363531613
Runtime : 0:00:02.425875
 
2022-07-04 18:06:34.871720
0 | 568.9586791992188 | 3271.43212890625 | 136.61739444732666 | 130.26174926757812 | 266.5625 | 350.0 | 0.003381802700459957 | 0.000814503363531613
Runtime : 0:00:02.521381
 
2022-07-04 18:07:07.493065
0 | 520.021484375 | 3476.597900390625 | 183.3534345626831 | 188.06145858764648 | 362.5 | 347.25 | 0.005521600600332022 | 0.000814503363531613
Runtime : 0:00:02.428165
 
2022-07-04 18:09:30.669607
0 | 1514.1209716796875 | 8478.029296875 | 139.30372190475464 | 140.02661323547363 | 323.8125 | 297.25 | 0.036594539880752563 | 0.000814503363531613
Runtime : 0:00:02.410158
 
2022-07-04 18:10:04.558902
0 | 568.4617919921875 | 3163.7666015625 | 134.95680618286133 | 118.53812408447266 | 258.3125 | 255.0 | 0.0029195111710578203 | 0.000814503363531613
Runtime : 0:00:02.449303
 
2022-07-04 18:10:37.858245
0 | 516.2628784179688 | 3406.6474609375 | 186.71876621246338 | 179.85471725463867 | 347.9375 | 355.75 | 0.005199909210205078 | 0.000814503363531613
Runtime : 0:00:02.452635
 
